Results from the memcpy() test on various crap I have laying around
===============================================================================

"Intel(R) Core(TM) i7-4770 CPU"
naive_incaddr       : 4.169103492 seconds, 407us/MiB, 1590ns/page, 24.850ns/cacheline
naive_effaddr       : 3.887257933 seconds, 379us/MiB, 1482ns/page, 23.170ns/cacheline
sse_nocache64       : 1.477299619 seconds, 144us/MiB, 563ns/page, 8.805ns/cacheline
sse_aligned128      : 1.366649293 seconds, 133us/MiB, 521ns/page, 8.146ns/cacheline
avx_aligned256      : 1.368105690 seconds, 133us/MiB, 521ns/page, 8.155ns/cacheline
erms                : 1.447486424 seconds, 141us/MiB, 552ns/page, 8.628ns/cacheline
glibc               : 2.324269442 seconds, 226us/MiB, 886ns/page, 13.854ns/cacheline

"Intel(R) Core(TM) M-5Y10c CPU"
naive_incaddr       : 8.001863561 seconds, 781us/MiB, 3052ns/page, 47.695ns/cacheline
naive_effaddr       : 7.208964121 seconds, 704us/MiB, 2750ns/page, 42.969ns/cacheline
sse_nocache64       : 1.397266486 seconds, 136us/MiB, 533ns/page, 8.328ns/cacheline
sse_aligned128      : 1.392211446 seconds, 135us/MiB, 531ns/page, 8.298ns/cacheline
avx_aligned256      : 1.452235546 seconds, 141us/MiB, 553ns/page, 8.656ns/cacheline
erms                : 2.440920649 seconds, 238us/MiB, 931ns/page, 14.549ns/cacheline
glibc               : 2.216814518 seconds, 216us/MiB, 845ns/page, 13.213ns/cacheline

"AMD Phenom(tm) II X4 965 Processor"
naive_incaddr       : 10.516847219 seconds, 1027us/MiB, 4011ns/page, 62.685ns/cacheline
naive_effaddr       : 8.419750150 seconds, 822us/MiB, 3211ns/page, 50.186ns/cacheline
sse_nocache64       : 3.925173796 seconds, 383us/MiB, 1497ns/page, 23.396ns/cacheline
sse_aligned128      : 2.576411534 seconds, 251us/MiB, 982ns/page, 15.357ns/cacheline
erms                : 5.882545111 seconds, 574us/MiB, 2244ns/page, 35.063ns/cacheline
glibc               : 2.539394814 seconds, 247us/MiB, 968ns/page, 15.136ns/cacheline

"Intel(R) Atom(TM) CPU  E3815  @ 1.46GHz"
naive_incaddr       : 26.944831804 seconds, 2631us/MiB, 10278ns/page, 160.604ns/cacheline
naive_effaddr       : 24.914561378 seconds, 2433us/MiB, 9504ns/page, 148.502ns/cacheline
sse_nocache64       : 4.384458990 seconds, 428us/MiB, 1672ns/page, 26.133ns/cacheline
sse_aligned128      : 4.275370471 seconds, 417us/MiB, 1630ns/page, 25.483ns/cacheline
erms                : 6.387949035 seconds, 623us/MiB, 2436ns/page, 38.075ns/cacheline
glibc               : 6.279972405 seconds, 613us/MiB, 2395ns/page, 37.432ns/cacheline
